0.00100301 -2.07204e-13
0.00200602 -1.18803e-13
0.00300903 -8.72959e-14
0.00401204 -1.13189e-13
0.00501505 -2.28033e-13
0.00601805 -3.41224e-13
0.00702106 -4.84893e-13
0.00802407 -6.87876e-13
0.00902708 -1.01289e-12
0.0100301 -1.38565e-12
0.0110331 -2.0134e-12
0.0120361 -2.78225e-12
0.0130391 -4.01681e-12
0.0140421 -5.62563e-12
0.0150451 -8.16266e-12
0.0160481 -1.13905e-11
0.0170512 -1.63159e-11
0.0180542 -2.25625e-11
0.0190572 -3.20833e-11
0.0200602 -4.41233e-11
0.0210632 -6.24739e-11
0.0220662 -8.57148e-11
0.0230692 -1.21011e-10
0.0240722 -1.65466e-10
0.0250752 -2.32589e-10
0.0260782 -3.16829e-10
0.0270812 -4.4334e-10
0.0280843 -6.01532e-10
0.0290873 -8.37938e-10
0.0300903 -1.13263e-09
0.0310933 -1.57079e-09
0.0320963 -2.1151e-09
0.0330993 -2.92036e-09
0.0341023 -3.9174e-09
0.0351053 -5.3848e-09
0.0361083 -7.19554e-09
0.0371113 -9.84692e-09
0.0381143 -1.31076e-08
0.0391174 -1.78574e-08
0.0401204 -2.36794e-08
0.0411234 -3.21164e-08
0.0421264 -4.24234e-08
0.0431294 -5.72831e-08
0.0441324 -7.53755e-08
0.0451354 -1.01324e-07
0.0461384 -1.32812e-07
0.0471414 -1.77737e-07
0.0481444 -2.3207e-07
0.0491474 -3.09184e-07
0.0501505 -4.02135e-07
0.0511535 -5.33367e-07
0.0521565 -6.91021e-07
0.0531595 -9.12429e-07
0.0541625 -1.17753e-06
0.0551655 -1.54786e-06
0.0561685 -1.98978e-06
0.0571715 -2.60385e-06
0.0581745 -3.33418e-06
0.0591775 -4.34357e-06
0.0601805 -5.54007e-06
0.0611836 -7.18487e-06
0.0621866 -9.12804e-06
0.0631896 -1.17849e-05
0.0641926 -1.49131e-05
0.0651956 -1.91671e-05
0.0661986 -2.41592e-05
0.0672016 -3.09107e-05
0.0682046 -3.8807e-05
0.0692076 -4.94278e-05
0.0702106 -6.18079e-05
0.0712136 -7.83677e-05
0.0722166 -9.76057e-05
0.0732197 -0.000123196
0.0742227 -0.000152825
0.0752257 -0.000192018
0.0762287 -0.000237244
0.0772317 -0.000296731
0.0782347 -0.000365143
0.0792377 -0.00045462
0.0802407 -0.000557174
0.0812437 -0.00069054
0.0822467 -0.000842878
0.0832497 -0.00103985
0.0842528 -0.00126408
0.0852558 -0.00155233
0.0862588 -0.00187934
0.0872618 -0.00229727
0.0882648 -0.00276979
0.0892678 -0.00337011
0.0902708 -0.00404652
0.0912738 -0.00490077
0.0922768 -0.00585997
0.0932798 -0.00706409
0.0942828 -0.00841146
0.0952859 -0.0100926
0.0962889 -0.0119672
0.0972919 -0.0142918
0.0982949 -0.0168747
0.0992979 -0.0200579
0.100301 -0.0235823
0.101304 -0.0278984
0.102307 -0.0326602
0.10331 -0.0384543
0.104313 -0.044824
0.105316 -0.0525241
0.106319 -0.0609585
0.107322 -0.0710874
0.108325 -0.0821413
0.109328 -0.0953271
0.110331 -0.109664
0.111334 -0.126648
0.112337 -0.145046
0.11334 -0.166689
0.114343 -0.190042
0.115346 -0.217319
0.116349 -0.246637
0.117352 -0.280629
0.118355 -0.31702
0.119358 -0.358892
0.120361 -0.403537
0.121364 -0.454506
0.122367 -0.508623
0.12337 -0.569906
0.124373 -0.634692
0.125376 -0.707439
0.126379 -0.784003
0.127382 -0.869214
0.128385 -0.958478
0.129388 -1.0569
0.130391 -1.1595
0.131394 -1.27151
0.132397 -1.38766
0.1334 -1.51313
0.134403 -1.64252
0.135406 -1.78067
0.136409 -1.92228
0.137412 -2.07158
0.138415 -2.2236
0.139418 -2.38158
0.140421 -2.54125
0.141424 -2.70447
0.142427 -2.86801
0.14343 -3.03195
0.144433 -3.1945
0.145436 -3.35356
0.146439 -3.50919
0.147442 -3.65672
0.148445 -3.79852
0.149448 -3.92698
0.150451 -4.04716
0.151454 -4.14829
0.152457 -4.23847
0.15346 -4.30357
0.154463 -4.35505
0.155466 -4.37541
0.156469 -4.37955
0.157472 -4.34683
0.158475 -4.29558
0.159478 -4.20231
0.160481 -4.08863
0.161484 -3.92877
0.162487 -3.7472
0.16349 -3.51664
0.164493 -3.2638
0.165496 -2.96083
0.166499 -2.63589
0.167503 -2.26163
0.168506 -1.86665
0.169509 -1.42534
0.170512 -0.965575
0.171515 -0.464719
0.172518 0.0513377
0.173521 0.601
0.174524 1.16167
0.175527 1.74637
0.17653 2.33707
0.177533 2.94043
0.178536 3.54415
0.179539 4.14778
0.180542 4.74574
0.181545 5.32999
0.182548 5.9024
0.183551 6.44724
0.184554 6.97426
0.185557 7.46026
0.18656 7.92291
0.187563 8.33218
0.188566 8.71333
0.189569 9.03045
0.190572 9.31571
0.191575 9.52859
0.192578 9.70705
0.193581 9.80754
0.194584 9.87242
0.195587 9.85675
0.19659 9.80572
0.197593 9.67477
0.198596 9.51008
0.199599 9.26925
0.200602 8.99764
0.201605 8.65662
0.202608 8.2889
0.203611 7.86108
0.204614 7.41159
0.205617 6.91336
0.20662 6.39914
0.207623 5.84904
0.208626 5.28899
0.209629 4.7067
0.210632 4.12057
0.211635 3.52599
0.212638 2.93345
0.213641 2.34574
0.214644 1.76544
0.215647 1.20216
0.21665 0.650961
0.217653 0.127381
0.218656 -0.380314
0.219659 -0.851735
0.220662 -1.30445
0.221665 -1.71442
0.222668 -2.10388
0.223671 -2.44638
0.224674 -2.76759
0.225677 -3.03987
0.22668 -3.291
0.227683 -3.49334
0.228686 -3.67548
0.229689 -3.81081
0.230692 -3.92759
0.231695 -4.00107
0.232698 -4.05817
0.233701 -4.07666
0.234704 -4.08127
0.235707 -4.05278
0.23671 -4.0131
0.237713 -3.94628
0.238716 -3.87097
0.239719 -3.77457
0.240722 -3.6723
0.241725 -3.5548
0.242728 -3.43382
0.243731 -3.30305
0.244734 -3.17089
0.245737 -3.03379
0.24674 -2.89702
0.247743 -2.75944
0.248746 -2.62355
0.249749 -2.49018
0.250752 -2.35947
0.251755 -2.23385
0.252758 -2.11149
0.253761 -1.996
0.254764 -1.88407
0.255767 -1.78011
0.25677 -1.67973
0.257773 -1.5878
0.258776 -1.49924
0.259779 -1.41914
0.260782 -1.34203
0.261785 -1.27298
0.262788 -1.20642
0.263791 -1.14726
0.264794 -1.09004
0.265797 -1.03936
0.2668 -0.990069
0.267803 -0.946358
0.268806 -0.903496
0.269809 -0.865249
0.270812 -0.827368
0.271815 -0.793173
0.272818 -0.758938
0.273821 -0.727545
0.274824 -0.695795
0.275827 -0.666157
0.27683 -0.635942
0.277834 -0.607237
0.278837 -0.577832
0.27984 -0.549471
0.280843 -0.520375
0.281846 -0.49199
0.282849 -0.462915
0.283852 -0.434338
0.284855 -0.405185
0.285858 -0.376424
0.286861 -0.347252
0.287864 -0.318455
0.288867 -0.289452
0.28987 -0.260875
0.290873 -0.23232
0.291876 -0.204292
0.292879 -0.176524
0.293882 -0.149418
0.294885 -0.122807
0.295888 -0.0970094
0.296891 -0.0719299
0.297894 -0.0478175
0.298897 -0.0246254
0.2999 -0.00254613
0.300903 0.0184375
0.301906 0.0381794
0.302909 0.0566818
0.303912 0.0738367
0.304915 0.089642
0.305918 0.104021
0.306921 0.116976
0.307924 0.128457
0.308927 0.138472
0.30993 0.146995
0.310933 0.154048
0.311936 0.159619
0.312939 0.163747
0.313942 0.166435
0.314945 0.167734
0.315948 0.167662
0.316951 0.166285
0.317954 0.16363
0.318957 0.159776
0.31996 0.154761
0.320963 0.148674
0.321966 0.14156
0.322969 0.133519
0.323972 0.124601
0.324975 0.114913
0.325978 0.104511
0.326981 0.0935059
0.327984 0.0819557
0.328987 0.0699756
0.32999 0.0576231
0.330993 0.0450139
0.331996 0.0322046
0.332999 0.0193079
0.334002 0.00637838
0.335005 -0.00647729
0.336008 -0.0192083
0.337011 -0.0317164
0.338014 -0.0439561
0.339017 -0.0558402
0.34002 -0.0673294
0.341023 -0.0783502
0.342026 -0.0888703
0.343029 -0.0988315
0.344032 -0.108209
0.345035 -0.116962
0.346038 -0.125074
0.347041 -0.13252
0.348044 -0.139293
0.349047 -0.145385
0.35005 -0.150796
0.351053 -0.155534
0.352056 -0.159608
0.353059 -0.16304
0.354062 -0.165846
0.355065 -0.16806
0.356068 -0.169702
0.357071 -0.170818
0.358074 -0.171433
0.359077 -0.171597
0.36008 -0.171339
0.361083 -0.170713
0.362086 -0.169748
0.363089 -0.168501
0.364092 -0.166999
0.365095 -0.165296
0.366098 -0.163419
0.367101 -0.161417
0.368104 -0.159314
0.369107 -0.157151
0.37011 -0.154949
0.371113 -0.152743
0.372116 -0.150546
0.373119 -0.148385
0.374122 -0.146269
0.375125 -0.144216
0.376128 -0.142232
0.377131 -0.140323
0.378134 -0.138491
0.379137 -0.136738
0.38014 -0.135059
0.381143 -0.13345
0.382146 -0.131905
0.383149 -0.130414
0.384152 -0.12897
0.385155 -0.127558
0.386158 -0.126173
0.387161 -0.124797
0.388164 -0.123424
0.389168 -0.122039
0.390171 -0.120634
0.391174 -0.119197
0.392177 -0.117721
0.39318 -0.116194
0.394183 -0.114612
0.395186 -0.112966
0.396189 -0.111251
0.397192 -0.109462
0.398195 -0.107595
0.399198 -0.105644
0.400201 -0.103606
0.401204 -0.101478
0.402207 -0.0992548
0.40321 -0.0969312
0.404213 -0.094503
0.405216 -0.0919614
0.406219 -0.0893009
0.407222 -0.0865087
0.408225 -0.0835769
0.409228 -0.0804877
0.410231 -0.0772304
0.411234 -0.0737814
0.412237 -0.0701269
0.41324 -0.0662368
0.414243 -0.0620944
0.415246 -0.0576636
0.416249 -0.0529246
0.417252 -0.0478361
0.418255 -0.0423759
0.419258 -0.0364985
0.420261 -0.0301801
0.421264 -0.0233728
0.422267 -0.0160523
0.42327 -0.00817012
0.424273 0.000297491
0.425276 0.00939699
0.426279 0.0191505
0.427282 0.0296
0.428285 0.0407647
0.429288 0.05268
0.430291 0.0653608
0.431294 0.0788333
0.432297 0.0931074
0.4333 0.108198
0.434303 0.124109
0.435306 0.140842
0.436309 0.158395
0.437312 0.176754
0.438315 0.195909
0.439318 0.215832
0.440321 0.236504
0.441324 0.257881
0.442327 0.279936
0.44333 0.302608
0.444333 0.325861
0.445336 0.349618
0.446339 0.373833
0.447342 0.398413
0.448345 0.423305
0.449348 0.448398
0.450351 0.473632
0.451354 0.49888
0.452357 0.524074
0.45336 0.549075
0.454363 0.573808
0.455366 0.598121
0.456369 0.621933
0.457372 0.645084
0.458375 0.667489
0.459378 0.688982
0.460381 0.709476
0.461384 0.728801
0.462387 0.746873
0.46339 0.763526
0.464393 0.778676
0.465396 0.792167
0.466399 0.803921
0.467402 0.813795
0.468405 0.821723
0.469408 0.827579
0.470411 0.831309
0.471414 0.832813
0.472417 0.832053
0.47342 0.828957
0.474423 0.823502
0.475426 0.815651
0.476429 0.805396
0.477432 0.792733
0.478435 0.77767
0.479438 0.760235
0.480441 0.740451
0.481444 0.718369
0.482447 0.694024
0.48345 0.667486
0.484453 0.638793
0.485456 0.608021
0.486459 0.575209
0.487462 0.540425
0.488465 0.503698
0.489468 0.465074
0.490471 0.424564
0.491474 0.382175
0.492477 0.337895
0.49348 0.291675
0.494483 0.243473
0.495486 0.193174
0.496489 0.140698
0.497492 0.0858574
0.498495 0.0285353
0.499498 -0.0315306
0.500502 -0.0944934
0.501505 -0.160682
0.502508 -0.230278
0.503511 -0.303661
0.504514 -0.381029
0.505517 -0.462783
0.50652 -0.549121
0.507523 -0.640429
0.508526 -0.736882
0.509529 -0.838801
0.510532 -0.946314
0.511535 -1.05962
0.512538 -1.17878
0.513541 -1.30379
0.514544 -1.43462
0.515547 -1.57103
0.51655 -1.71282
0.517553 -1.85948
0.518556 -2.01065
0.519559 -2.16544
0.520562 -2.32331
0.521565 -2.483
0.522568 -2.64377
0.523571 -2.80394
0.524574 -2.96259
0.525577 -3.11764
0.52658 -3.26798
0.527583 -3.41118
0.528586 -3.54597
0.529589 -3.66964
0.530592 -3.78078
0.531595 -3.87652
0.532598 -3.95539
0.533601 -4.01445
0.534604 -4.05225
0.535607 -4.06596
0.53661 -4.05423
0.537613 -4.01449
0.538616 -3.94559
0.539619 -3.84543
0.540622 -3.71312
0.541625 -3.54721
0.542628 -3.34721
0.543631 -3.11246
0.544634 -2.84291
0.545637 -2.53888
0.54664 -2.20084
0.547643 -1.83015
0.548646 -1.42784
0.549649 -0.996388
0.550652 -0.537386
0.551655 -0.054423
0.552658 0.450373
0.553661 0.972375
0.554664 1.50897
0.555667 2.05464
0.55667 2.60637
0.557673 3.15796
0.558676 3.70611
0.559679 4.2442
0.560682 4.76881
0.561685 5.27317
0.562688 5.75392
0.563691 6.2045
0.564694 6.62176
0.565697 6.99969
0.5667 7.3355
0.567703 7.62408
0.568706 7.8632
0.569709 8.04888
0.570712 8.17958
0.571715 8.25275
0.572718 8.26759
0.573721 8.22314
0.574724 8.11942
0.575727 7.95715
0.57673 7.73718
0.577733 7.46185
0.578736 7.13285
0.579739 6.75405
0.580742 6.32785
0.581745 5.85949
0.582748 5.35196
0.583751 4.81159
0.584754 4.24181
0.585757 3.6497
0.58676 3.03897
0.587763 2.4171
0.588766 1.78787
0.589769 1.1588
0.590772 0.53354
0.591775 -0.080732
0.592778 -0.680625
0.593781 -1.25966
0.594784 -1.81486
0.595787 -2.34072
0.59679 -2.83481
0.597793 -3.29278
0.598796 -3.71285
0.599799 -4.09198
0.600802 -4.42905
0.601805 -4.72239
0.602808 -4.97156
0.603811 -5.17622
0.604814 -5.33659
0.605817 -5.45356
0.60682 -5.52794
0.607823 -5.56169
0.608826 -5.55612
0.609829 -5.51408
0.610832 -5.43725
0.611836 -5.32915
0.612839 -5.19171
0.613842 -5.02887
0.614845 -4.84269
0.615848 -4.63731
0.616851 -4.41481
0.617854 -4.1793
0.618857 -3.93276
0.61986 -3.67909
0.620863 -3.42012
0.621866 -3.15936
0.622869 -2.8984
0.623872 -2.64027
0.624875 -2.3863
0.625878 -2.13893
0.626881 -1.89921
0.627884 -1.669
0.628887 -1.44903
0.62989 -1.24057
0.630893 -1.04407
0.631896 -0.860242
0.632899 -0.689278
0.633902 -0.531389
0.634905 -0.386543
0.635908 -0.25453
0.636911 -0.135131
0.637914 -0.0278006
0.638917 0.0678203
0.63992 0.152526
0.640923 0.226773
0.641926 0.291516
0.642929 0.347266
0.643932 0.395063
0.644935 0.435433
0.645938 0.469428
0.646941 0.497563
0.647944 0.520842
0.648947 0.53974
0.64995 0.555168
0.650953 0.567547
0.651956 0.577662
0.652959 0.585862
0.653962 0.592789
0.654965 0.598717
0.655968 0.604132
0.656971 0.60923
0.657974 0.614348
0.658977 0.619608
0.65998 0.625201
0.660983 0.631184
0.661986 0.637621
0.662989 0.644511
0.663992 0.651813
0.664995 0.659478
0.665998 0.667384
0.667001 0.675447
0.668004 0.683487
0.669007 0.691398
0.67001 0.698965
0.671013 0.706074
0.672016 0.712498
0.673019 0.718124
0.674022 0.722733
0.675025 0.726223
0.676028 0.728401
0.677031 0.729182
0.678034 0.728414
0.679037 0.726033
0.68004 0.721936
0.681043 0.716086
0.682046 0.708433
0.683049 0.698968
0.684052 0.687698
0.685055 0.674639
0.686058 0.659852
0.687061 0.643379
0.688064 0.625328
0.689067 0.605765
0.69007 0.584838
0.691073 0.562632
0.692076 0.539324
0.693079 0.515014
0.694082 0.489903
0.695085 0.464097
0.696088 0.437808
0.697091 0.411146
0.698094 0.384324
0.699097 0.35745
0.7001 0.330732
0.701103 0.304268
0.702106 0.27825
0.703109 0.252769
0.704112 0.227993
0.705115 0.203999
0.706118 0.180928
0.707121 0.158842
0.708124 0.137851
0.709127 0.117999
0.71013 0.0993634
0.711133 0.081973
0.712136 0.0658713
0.713139 0.05107
0.714142 0.0375807
0.715145 0.0254
0.716148 0.0145101
0.717151 0.00489348
0.718154 -0.00349348
0.719157 -0.0106799
0.72016 -0.016731
0.721163 -0.0216854
0.722166 -0.025625
0.72317 -0.0285952
0.724173 -0.0306898
0.725176 -0.0319582
0.726179 -0.0325009
0.727182 -0.0323692
0.728185 -0.0316654
0.729188 -0.0304403
0.730191 -0.0287938
0.731194 -0.0267745
0.732197 -0.024476
0.7332 -0.021943
0.734203 -0.0192603
0.735206 -0.0164673
0.736209 -0.0136383
0.737212 -0.0108065
0.738215 -0.00803427
0.739218 -0.00534888
0.740221 -0.00280031
0.741224 -0.000409748
0.742227 0.0017847
0.74323 0.0037675
0.744233 0.00551149
0.745236 0.00700619
0.746239 0.00823402
0.747242 0.00918882
0.748245 0.00986103
0.749248 0.010248
0.750251 0.0103467
0.751254 0.0101572
0.752257 0.00968139
0.75326 0.00892158
0.754263 0.00788349
0.755266 0.00657096
0.756269 0.00499269
0.757272 0.0031538
0.758275 0.0010654
0.759278 -0.00126626
0.760281 -0.00382788
0.761284 -0.0066121
0.762287 -0.00960337
0.76329 -0.0127932
0.764293 -0.0161635
0.765296 -0.0197046
0.766299 -0.0233957
0.767302 -0.0272256
0.768305 -0.0311709
0.769308 -0.0352188
0.770311 -0.039343
0.771314 -0.0435296
0.772317 -0.0477496
0.77332 -0.051988
0.774323 -0.0562137
0.775326 -0.0604111
0.776329 -0.064548
0.777332 -0.0686084
0.778335 -0.0725602
0.779338 -0.0763877
0.780341 -0.0800603
0.781344 -0.083563
0.782347 -0.086868
0.78335 -0.0899622
0.784353 -0.0928214
0.785356 -0.095435
0.786359 -0.0977839
0.787362 -0.0998603
0.788365 -0.101651
0.789368 -0.103151
0.790371 -0.104355
0.791374 -0.10526
0.792377 -0.105866
0.79338 -0.106175
0.794383 -0.106194
0.795386 -0.105926
0.796389 -0.105383
0.797392 -0.104573
0.798395 -0.103511
0.799398 -0.102206
0.800401 -0.100677
0.801404 -0.0989343
0.802407 -0.0969986
0.80341 -0.0948804
0.804413 -0.0926009
0.805416 -0.0901705
0.806419 -0.0876095
0.807422 -0.0849275
0.808425 -0.0821432
0.809428 -0.079265
0.810431 -0.0763089
0.811434 -0.0732821
0.812437 -0.0701977
0.81344 -0.0670614
0.814443 -0.0638836
0.815446 -0.0606684
0.816449 -0.0574237
0.817452 -0.0541527
0.818455 -0.050861
0.819458 -0.047551
0.820461 -0.0442272
0.821464 -0.0408913
0.822467 -0.0375474
0.82347 -0.0341972
0.824473 -0.0308449
0.825476 -0.0274927
0.826479 -0.0241453
0.827482 -0.0208058
0.828485 -0.0174803
0.829488 -0.0141724
0.830491 -0.01089
0.831494 -0.00763754
0.832497 -0.00442459
0.833501 -0.0012564
0.834504 0.00185593
0.835507 0.00490646
0.83651 0.00788291
0.837513 0.0107789
0.838516 0.0135814
0.839519 0.0162839
0.840522 0.0188733
0.841525 0.0213431
0.842528 0.0236809
0.843531 0.0258806
0.844534 0.0279308
0.845537 0.0298266
0.84654 0.0315581
0.847543 0.0331215
0.848546 0.0345095
0.849549 0.0357194
0.850552 0.036747
0.851555 0.037591
0.852558 0.0382504
0.853561 0.0387259
0.854564 0.0390201
0.855567 0.0391355
0.85657 0.0390785
0.857573 0.0388536
0.858576 0.0384711
0.859579 0.0379375
0.860582 0.0372672
0.861585 0.0364684
0.862588 0.0355595
0.863591 0.0345504
0.864594 0.0334629
0.865597 0.0323088
0.8666 0.0311125
0.867603 0.0298873
0.868606 0.02866
0.869609 0.0274446
0.870612 0.0262694
0.871615 0.0251486
0.872618 0.0241108
0.873621 0.0231701
0.874624 0.0223538
0.875627 0.0216752
0.87663 0.0211592
0.877633 0.020817
0.878636 0.0206697
0.879639 0.020726
0.880642 0.0210011
0.881645 0.0215007
0.882648 0.0222328
0.883651 0.023199
0.884654 0.0243991
0.885657 0.02583
0.88666 0.0274822
0.887663 0.0293475
0.888666 0.0314065
0.889669 0.033646
0.890672 0.0360362
0.891675 0.0385592
0.892678 0.0411754
0.893681 0.0438621
0.894684 0.0465713
0.895687 0.0492765
0.89669 0.0519223
0.897693 0.0544795
0.898696 0.0568879
0.899699 0.0591166
0.900702 0.0611032
0.901705 0.0628167
0.902708 0.0641957
0.903711 0.0652106
0.904714 0.0658042
0.905717 0.06595
0.90672 0.0655986
0.907723 0.0647283
0.908726 0.0633006
0.909729 0.0613002
0.910732 0.0587024
0.911735 0.0554997
0.912738 0.0516836
0.913741 0.0472555
0.914744 0.0422248
0.915747 0.0366022
0.91675 0.0304161
0.917753 0.0236868
0.918756 0.0164616
0.919759 0.0087698
0.920762 0.000676548
0.921765 -0.00778045
0.922768 -0.0165203
0.923771 -0.0254984
0.924774 -0.0346211
0.925777 -0.0438384
0.92678 -0.0530479
0.927783 -0.0621965
0.928786 -0.0711773
0.929789 -0.0799365
0.930792 -0.0883676
0.931795 -0.0964185
0.932798 -0.103988
0.933801 -0.111029
0.934804 -0.11745
0.935807 -0.123211
0.93681 -0.128235
0.937813 -0.132489
0.938816 -0.135917
0.939819 -0.138497
0.940822 -0.140191
0.941825 -0.140991
0.942828 -0.140882
0.943831 -0.139867
0.944835 -0.137956
0.945838 -0.135163
0.946841 -0.131522
0.947844 -0.127057
0.948847 -0.121826
0.94985 -0.115861
0.950853 -0.109237
0.951856 -0.101998
0.952859 -0.0942308
0.953862 -0.0859854
0.954865 -0.0773609
0.955868 -0.068409
0.956871 -0.0592343
0.957874 -0.0498898
0.958877 -0.0404802
0.95988 -0.0310567
0.960883 -0.0217193
0.961886 -0.0125154
0.962889 -0.00353574
0.963892 0.00517826
0.964895 0.013549
0.965898 0.0215423
0.966901 0.0290967
0.967904 0.0361866
0.968907 0.042768
0.96991 0.0488248
0.970913 0.0543314
0.971916 0.0592807
0.972919 0.0636652
0.973922 0.0674866
0.974925 0.0707539
0.975928 0.0734766
0.976931 0.0756781
0.977934 0.0773742
0.978937 0.0785998
0.97994 0.0793754
0.980943 0.079744
0.981946 0.0797292
0.982949 0.0793785
0.983952 0.0787165
0.984955 0.0777921
0.985958 0.0766293
0.986961 0.0752749
0.987964 0.0737509
0.988967 0.0720992
0.98997 0.0703389
0.990973 0.0685051
0.991976 0.0666128
0.992979 0.0646888
0.993982 0.062744
0.994985 0.0607962
0.995988 0.0588519
0.996991 0.0569205
0.997994 0.0550041
0.998997 0.0531042
1 0.0512196
