0.00100301 2.25451e-13
0.00200602 4.78186e-13
0.00300903 4.10593e-15
0.00401204 -4.60777e-13
0.00501505 -6.66715e-13
0.00601805 3.95505e-13
0.00702106 -2.58426e-15
0.00802407 -5.24378e-13
0.00902708 5.2025e-13
0.0100301 1.00252e-12
0.0110331 -1.17562e-13
0.0120361 -6.14438e-13
0.0130391 2.00064e-13
0.0140421 -1.694e-13
0.0150451 -2.84912e-13
0.0160481 -5.78667e-13
0.0170512 -1.13536e-12
0.0180542 -5.11224e-13
0.0190572 6.49257e-13
0.0200602 4.59646e-13
0.0210632 8.05356e-13
0.0220662 4.36631e-13
0.0230692 1.36588e-13
0.0240722 9.5137e-13
0.0250752 6.91713e-13
0.0260782 -3.82836e-13
0.0270812 2.47548e-13
0.0280843 7.5432e-13
0.0290873 3.60616e-13
0.0300903 4.29457e-13
0.0310933 -1.41746e-12
0.0320963 -1.74292e-12
0.0330993 -1.08732e-12
0.0341023 -6.31331e-13
0.0351053 5.87872e-13
0.0361083 -3.17249e-13
0.0371113 -9.99283e-13
0.0381143 -9.97731e-13
0.0391174 -1.6365e-12
0.0401204 -1.08733e-12
0.0411234 8.2625e-13
0.0421264 2.29475e-12
0.0431294 2.88562e-12
0.0441324 2.25272e-12
0.0451354 6.05893e-13
0.0461384 -1.23423e-13
0.0471414 -6.91987e-14
0.0481444 4.79155e-13
0.0491474 8.38315e-13
0.0501505 -8.18732e-14
0.0511535 -1.05605e-12
0.0521565 -2.58133e-12
0.0531595 -1.46414e-12
0.0541625 -9.27313e-13
0.0551655 -1.72484e-13
0.0561685 -1.43476e-13
0.0571715 -1.14212e-12
0.0581745 -1.39111e-12
0.0591775 1.19366e-12
0.0601805 2.3686e-12
0.0611836 3.4984e-12
0.0621866 2.33091e-12
0.0631896 2.44685e-13
0.0641926 -1.23166e-12
0.0651956 -2.06303e-12
0.0661986 -1.03855e-12
0.0672016 7.44075e-13
0.0682046 9.5163e-13
0.0692076 2.385e-13
0.0702106 2.18757e-13
0.0712136 -6.76732e-13
0.0722166 -8.63151e-13
0.0732197 -3.99909e-13
0.0742227 3.25906e-13
0.0752257 1.18804e-12
0.0762287 2.43762e-13
0.0772317 -5.82978e-14
0.0782347 -6.09749e-14
0.0792377 -1.33443e-12
0.0802407 -1.78102e-12
0.0812437 -1.37323e-12
0.0822467 -5.28069e-14
0.0832497 -6.04058e-14
0.0842528 5.50518e-13
0.0852558 5.38183e-13
0.0862588 2.02049e-12
0.0872618 2.51315e-12
0.0882648 1.75023e-12
0.0892678 -1.31219e-13
0.0902708 -2.49357e-12
0.0912738 -2.37257e-12
0.0922768 -2.14055e-13
0.0932798 -2.0073e-13
0.0942828 -4.74891e-13
0.0952859 -2.3265e-13
0.0962889 1.06694e-12
0.0972919 1.65152e-12
0.0982949 -3.72929e-13
0.0992979 -1.57224e-12
0.100301 -1.60425e-12
0.101304 -5.60738e-13
0.102307 2.13985e-13
0.10331 6.78899e-13
0.104313 -5.79064e-13
0.105316 -1.21915e-12
0.106319 -1.0719e-12
0.107322 -6.75651e-15
0.108325 4.40438e-12
0.109328 5.14708e-12
0.110331 3.52167e-12
0.111334 -2.07956e-12
0.112337 -4.93236e-12
0.11334 -4.19182e-12
0.114343 -1.78945e-12
0.115346 2.0505e-12
0.116349 3.64941e-12
0.117352 1.59814e-12
0.118355 5.57656e-13
0.119358 -4.61962e-13
0.120361 -1.06502e-12
0.121364 -9.56883e-13
0.122367 -6.2614e-13
0.12337 -2.53149e-14
0.124373 -6.32363e-13
0.125376 -2.09716e-12
0.126379 4.47236e-13
0.127382 2.2786e-12
0.128385 4.29887e-12
0.129388 4.12758e-12
0.130391 4.28298e-12
0.131394 3.78376e-12
0.132397 4.2235e-12
0.1334 6.41706e-12
0.134403 1.0911e-11
0.135406 1.67472e-11
0.136409 2.32192e-11
0.137412 2.74936e-11
0.138415 3.56408e-11
0.139418 4.6247e-11
0.140421 6.4581e-11
0.141424 9.03975e-11
0.142427 1.24737e-10
0.14343 1.67583e-10
0.144433 2.24943e-10
0.145436 2.9888e-10
0.146439 3.97263e-10
0.147442 5.26396e-10
0.148445 6.98541e-10
0.149448 9.25297e-10
0.150451 1.23009e-09
0.151454 1.62294e-09
0.152457 2.14319e-09
0.15346 2.81952e-09
0.154463 3.70861e-09
0.155466 4.85653e-09
0.156469 6.3693e-09
0.157472 8.30928e-09
0.158475 1.08478e-08
0.159478 1.40965e-08
0.160481 1.83293e-08
0.161484 2.3733e-08
0.162487 3.07423e-08
0.16349 3.96533e-08
0.164493 5.11658e-08
0.165496 6.57414e-08
0.166499 8.44904e-08
0.167503 1.08145e-07
0.168506 1.3844e-07
0.169509 1.76511e-07
0.170512 2.2506e-07
0.171515 2.85845e-07
0.172518 3.63031e-07
0.173521 4.59311e-07
0.174524 5.81032e-07
0.175527 7.3228e-07
0.17653 9.22661e-07
0.177533 1.15832e-06
0.178536 1.45366e-06
0.179539 1.81785e-06
0.180542 2.27228e-06
0.181545 2.83047e-06
0.182548 3.52391e-06
0.183551 4.3724e-06
0.184554 5.42183e-06
0.185557 6.7009e-06
0.18656 8.27588e-06
0.187563 1.0188e-05
0.188566 1.25321e-05
0.189569 1.53667e-05
0.190572 1.88261e-05
0.191575 2.29928e-05
0.192578 2.80553e-05
0.193581 3.41286e-05
0.194584 4.14743e-05
0.195587 5.02513e-05
0.19659 6.08192e-05
0.197593 7.3395e-05
0.198596 8.84681e-05
0.199599 0.000106332
0.200602 0.000127645
0.201605 0.000152801
0.202608 0.000182677
0.203611 0.000217792
0.204614 0.000259303
0.205617 0.00030789
0.20662 0.000365058
0.207623 0.000431689
0.208626 0.000509721
0.209629 0.00060028
0.210632 0.000705833
0.211635 0.000827803
0.212638 0.000969291
0.213641 0.00113207
0.214644 0.00131999
0.215647 0.00153523
0.21665 0.00178251
0.217653 0.00206447
0.218656 0.0023868
0.219659 0.00275268
0.220662 0.00316886
0.221665 0.0036391
0.222668 0.00417129
0.223671 0.00476978
0.224674 0.00544368
0.225677 0.0061979
0.22668 0.00704275
0.227683 0.00798372
0.228686 0.00903218
0.229689 0.0101941
0.230692 0.0114819
0.231695 0.0129018
0.232698 0.0144668
0.233701 0.0161835
0.234704 0.0180649
0.235707 0.0201177
0.23671 0.0223546
0.237713 0.0247818
0.238716 0.0274111
0.239719 0.0302478
0.240722 0.0333019
0.241725 0.0365777
0.242728 0.0400823
0.243731 0.0438182
0.244734 0.0477888
0.245737 0.0519943
0.24674 0.0564334
0.247743 0.0611035
0.248746 0.0659973
0.249749 0.071109
0.250752 0.0764246
0.251755 0.0819346
0.252758 0.0876173
0.253761 0.0934594
0.254764 0.0994312
0.255767 0.105515
0.25677 0.111674
0.257773 0.117886
0.258776 0.124106
0.259779 0.130308
0.260782 0.136441
0.261785 0.142477
0.262788 0.148357
0.263791 0.154052
0.264794 0.159501
0.265797 0.164673
0.2668 0.169506
0.267803 0.173968
0.268806 0.178001
0.269809 0.181574
0.270812 0.184634
0.271815 0.187153
0.272818 0.189084
0.273821 0.190406
0.274824 0.191081
0.275827 0.191094
0.27683 0.190418
0.277834 0.189044
0.278837 0.186958
0.27984 0.184158
0.280843 0.180639
0.281846 0.176406
0.282849 0.171463
0.283852 0.165817
0.284855 0.159479
0.285858 0.152455
0.286861 0.144755
0.287864 0.136381
0.288867 0.127334
0.28987 0.117608
0.290873 0.107183
0.291876 0.0960398
0.292879 0.0841271
0.293882 0.0714064
0.294885 0.0577821
0.295888 0.0431901
0.296891 0.0274792
0.297894 0.0105534
0.298897 -0.00780553
0.2999 -0.0277298
0.300903 -0.0495136
0.301906 -0.0733288
0.302909 -0.0995507
0.303912 -0.128392
0.304915 -0.160309
0.305918 -0.195554
0.306921 -0.234658
0.307924 -0.277906
0.308927 -0.325889
0.30993 -0.378918
0.310933 -0.437622
0.311936 -0.502319
0.312939 -0.573643
0.313942 -0.651904
0.314945 -0.737696
0.315948 -0.831296
0.316951 -0.933209
0.317954 -1.04364
0.318957 -1.16296
0.31996 -1.29127
0.320963 -1.4287
0.321966 -1.57525
0.322969 -1.73076
0.323972 -1.89503
0.324975 -2.06757
0.325978 -2.24797
0.326981 -2.43531
0.327984 -2.62895
0.328987 -2.82748
0.32999 -3.03001
0.330993 -3.23462
0.331996 -3.44016
0.332999 -3.64416
0.334002 -3.84521
0.335005 -4.04034
0.336008 -4.22789
0.337011 -4.40444
0.338014 -4.56812
0.339017 -4.71513
0.34002 -4.8435
0.341023 -4.9492
0.342026 -5.03017
0.343029 -5.08235
0.344032 -5.10374
0.345035 -5.09044
0.346038 -5.04063
0.347041 -4.95081
0.348044 -4.81946
0.349047 -4.64377
0.35005 -4.42263
0.351053 -4.1542
0.352056 -3.83792
0.353059 -3.47315
0.354062 -3.05998
0.355065 -2.5992
0.356068 -2.09166
0.357071 -1.5397
0.358074 -0.944987
0.359077 -0.311511
0.36008 0.35823
0.361083 1.05863
0.362086 1.78641
0.363089 2.53443
0.364092 3.29873
0.365095 4.07088
0.366098 4.84636
0.367101 5.6158
0.368104 6.3743
0.369107 7.11196
0.37011 7.82374
0.371113 8.49968
0.372116 9.1349
0.373119 9.7199
0.374122 10.2502
0.375125 10.7173
0.376128 11.1175
0.377131 11.4437
0.378134 11.6931
0.379137 11.8607
0.38014 11.9447
0.381143 11.9425
0.382146 11.8535
0.383149 11.6777
0.384152 11.4157
0.385155 11.0703
0.386158 10.6433
0.387161 10.14
0.388164 9.56349
0.389168 8.92126
0.390171 8.21761
0.391174 7.46181
0.392177 6.65902
0.39318 5.81992
0.394183 4.95018
0.395186 4.06134
0.396189 3.15927
0.397192 2.2557
0.398195 1.35643
0.399198 0.472733
0.400201 -0.389994
0.401204 -1.22148
0.402207 -2.01701
0.40321 -2.76783
0.404213 -3.47014
0.405216 -4.11708
0.406219 -4.70591
0.407222 -5.23193
0.408225 -5.69353
0.409228 -6.08831
0.410231 -6.41577
0.411234 -6.67578
0.412237 -6.86891
0.41324 -6.99709
0.414243 -7.06186
0.415246 -7.06693
0.416249 -7.01464
0.417252 -6.91011
0.418255 -6.75625
0.419258 -6.55918
0.420261 -6.32219
0.421264 -6.05196
0.422267 -5.75189
0.42327 -5.42881
0.424273 -5.08607
0.425276 -4.73021
0.426279 -4.36437
0.427282 -3.99451
0.428285 -3.62338
0.429288 -3.25612
0.430291 -2.89501
0.431294 -2.5442
0.432297 -2.20545
0.4333 -1.88186
0.434303 -1.57463
0.435306 -1.2858
0.436309 -1.01608
0.437312 -0.76652
0.438315 -0.537359
0.439318 -0.328782
0.440321 -0.140647
0.441324 0.0275721
0.442327 0.176319
0.44333 0.306652
0.444333 0.41923
0.445336 0.515469
0.446339 0.596155
0.447342 0.662899
0.448345 0.716536
0.449348 0.758729
0.450351 0.790299
0.451354 0.812844
0.452357 0.827124
0.45336 0.834586
0.454363 0.835896
0.455366 0.832295
0.456369 0.824336
0.457372 0.813029
0.458375 0.798805
0.459378 0.782442
0.460381 0.764255
0.461384 0.744799
0.462387 0.724289
0.46339 0.703083
0.464393 0.681309
0.465396 0.659166
0.466399 0.636712
0.467402 0.614022
0.468405 0.591103
0.469408 0.567939
0.470411 0.544504
0.471414 0.520723
0.472417 0.496548
0.47342 0.471874
0.474423 0.446642
0.475426 0.420733
0.476429 0.39409
0.477432 0.366595
0.478435 0.338194
0.479438 0.308784
0.480441 0.278319
0.481444 0.246715
0.482447 0.213938
0.48345 0.179928
0.484453 0.144663
0.485456 0.108111
0.486459 0.0702631
0.487462 0.0311172
0.488465 -0.00931916
0.489468 -0.0510175
0.490471 -0.0939532
0.491474 -0.138063
0.492477 -0.183305
0.49348 -0.22958
0.494483 -0.276824
0.495486 -0.324899
0.496489 -0.373722
0.497492 -0.423114
0.498495 -0.472969
0.499498 -0.523065
0.500502 -0.573277
0.501505 -0.623341
0.502508 -0.673109
0.503511 -0.722279
0.504514 -0.770684
0.505517 -0.817986
0.50652 -0.864004
0.507523 -0.908368
0.508526 -0.950888
0.509529 -0.991173
0.510532 -1.02903
0.511535 -1.06405
0.512538 -1.09605
0.513541 -1.12462
0.514544 -1.14959
0.515547 -1.17056
0.51655 -1.18738
0.517553 -1.19969
0.518556 -1.20735
0.519559 -1.21007
0.520562 -1.20773
0.521565 -1.20011
0.522568 -1.18712
0.523571 -1.16863
0.524574 -1.1446
0.525577 -1.11499
0.52658 -1.07981
0.527583 -1.03913
0.528586 -0.993012
0.529589 -0.941635
0.530592 -0.885123
0.531595 -0.823768
0.532598 -0.757749
0.533601 -0.687471
0.534604 -0.613167
0.535607 -0.535346
0.53661 -0.454289
0.537613 -0.370597
0.538616 -0.284594
0.539619 -0.196954
0.540622 -0.108031
0.541625 -0.0185528
0.542628 0.0711057
0.543631 0.160189
0.544634 0.248318
0.545637 0.334735
0.54664 0.419069
0.547643 0.50059
0.548646 0.57895
0.549649 0.653475
0.550652 0.723853
0.551655 0.789493
0.552658 0.850131
0.553661 0.905285
0.554664 0.954748
0.555667 0.998164
0.55667 1.0354
0.557673 1.06623
0.558676 1.09059
0.559679 1.10842
0.560682 1.11972
0.561685 1.12458
0.562688 1.12307
0.563691 1.11541
0.564694 1.10176
0.565697 1.08247
0.5667 1.05775
0.567703 1.02806
0.568706 0.993649
0.569709 0.955078
0.570712 0.912639
0.571715 0.866941
0.572718 0.8183
0.573721 0.76736
0.574724 0.714442
0.575727 0.660192
0.57673 0.604926
0.577733 0.549265
0.578736 0.493505
0.579739 0.438215
0.580742 0.383662
0.581745 0.330345
0.582748 0.27849
0.583751 0.228512
0.584754 0.180589
0.585757 0.135044
0.58676 0.092005
0.587763 0.0516953
0.588766 0.0141959
0.589769 -0.0203667
0.590772 -0.0519578
0.591775 -0.0805394
0.592778 -0.106118
0.593781 -0.128734
0.594784 -0.148428
0.595787 -0.165303
0.59679 -0.179428
0.597793 -0.190953
0.598796 -0.199965
0.599799 -0.206647
0.600802 -0.211097
0.601805 -0.213514
0.602808 -0.214
0.603811 -0.212759
0.604814 -0.20989
0.605817 -0.205589
0.60682 -0.199951
0.607823 -0.193157
0.608826 -0.185294
0.609829 -0.176525
0.610832 -0.166925
0.611836 -0.156639
0.612839 -0.145733
0.613842 -0.134331
0.614845 -0.122493
0.615848 -0.110327
0.616851 -0.0978848
0.617854 -0.0852641
0.618857 -0.0725113
0.61986 -0.0597165
0.620863 -0.0469233
0.621866 -0.0342176
0.622869 -0.0216414
0.623872 -0.00927886
0.624875 0.00282845
0.625878 0.0145974
0.626881 0.0259869
0.627884 0.036915
0.628887 0.0473418
0.62989 0.0571888
0.630893 0.0664182
0.631896 0.0749578
0.632899 0.082774
0.633902 0.0898044
0.634905 0.0960215
0.635908 0.101376
0.636911 0.105849
0.637914 0.109409
0.638917 0.112044
0.63992 0.113744
0.640923 0.114507
0.641926 0.114344
0.642929 0.113264
0.643932 0.111298
0.644935 0.108468
0.645938 0.104822
0.646941 0.100391
0.647944 0.095242
0.648947 0.0894126
0.64995 0.0829828
0.650953 0.0759956
0.651956 0.0685395
0.652959 0.0606602
0.653962 0.0524497
0.654965 0.0439541
0.655968 0.035264
0.656971 0.026423
0.657974 0.0175157
0.658977 0.00858148
0.65998 -0.000305048
0.660983 -0.00911048
0.661986 -0.0177732
0.662989 -0.0262668
0.663992 -0.0345445
0.664995 -0.0425875
0.665998 -0.0503643
0.667001 -0.057864
0.668004 -0.0650697
0.669007 -0.0719776
0.67001 -0.0785845
0.671013 -0.0848923
0.672016 -0.0909089
0.673019 -0.0966411
0.674022 -0.102105
0.675025 -0.10731
0.676028 -0.112277
0.677031 -0.117017
0.678034 -0.121552
0.679037 -0.125893
0.68004 -0.13006
0.681043 -0.134062
0.682046 -0.137912
0.683049 -0.141617
0.684052 -0.145183
0.685055 -0.148611
0.686058 -0.151898
0.687061 -0.15504
0.688064 -0.158022
0.689067 -0.160836
0.69007 -0.163455
0.691073 -0.165863
0.692076 -0.168026
0.693079 -0.169923
0.694082 -0.171507
0.695085 -0.172754
0.696088 -0.173612
0.697091 -0.174052
0.698094 -0.174017
0.699097 -0.173478
0.7001 -0.172376
0.701103 -0.170682
0.702106 -0.16834
0.703109 -0.165323
0.704112 -0.16158
0.705115 -0.157089
0.706118 -0.151809
0.707121 -0.145725
0.708124 -0.138807
0.709127 -0.131049
0.71013 -0.122438
0.711133 -0.112976
0.712136 -0.10267
0.713139 -0.0915313
0.714142 -0.0795896
0.715145 -0.0668663
0.716148 -0.053413
0.717151 -0.0392628
0.718154 -0.0244896
0.719157 -0.00913742
0.72016 0.00669796
0.721163 0.0229623
0.722166 0.0395399
0.72317 0.0563675
0.724173 0.0733124
0.725176 0.0903036
0.726179 0.107195
0.727182 0.123911
0.728185 0.140297
0.729188 0.156272
0.730191 0.171681
0.731194 0.186443
0.732197 0.200403
0.7332 0.213485
0.734203 0.225543
0.735206 0.236506
0.736209 0.246242
0.737212 0.254693
0.738215 0.261745
0.739218 0.267351
0.740221 0.271427
0.741224 0.273939
0.742227 0.274832
0.74323 0.274089
0.744233 0.271692
0.745236 0.267641
0.746239 0.261952
0.747242 0.254645
0.748245 0.245772
0.749248 0.235372
0.750251 0.223533
0.751254 0.21031
0.752257 0.195824
0.75326 0.180145
0.754263 0.163422
0.755266 0.145739
0.756269 0.127267
0.757272 0.108098
0.758275 0.0884215
0.759278 0.0683346
0.760281 0.0480347
0.761284 0.0276216
0.762287 0.00729379
0.76329 -0.0128508
0.764293 -0.0326199
0.765296 -0.0519211
0.766299 -0.0705757
0.767302 -0.0884997
0.768305 -0.105534
0.769308 -0.121607
0.770311 -0.136583
0.771314 -0.150405
0.772317 -0.162966
0.77332 -0.174224
0.774323 -0.184103
0.775326 -0.192578
0.776329 -0.199606
0.777332 -0.205176
0.778335 -0.209278
0.779338 -0.211918
0.780341 -0.213117
0.781344 -0.212894
0.782347 -0.2113
0.78335 -0.208367
0.784353 -0.204171
0.785356 -0.198756
0.786359 -0.192218
0.787362 -0.184611
0.788365 -0.176048
0.789368 -0.16659
0.790371 -0.156361
0.791374 -0.145426
0.792377 -0.133917
0.79338 -0.121901
0.794383 -0.109512
0.795386 -0.0968164
0.796389 -0.0839446
0.797392 -0.0709606
0.798395 -0.0579884
0.799398 -0.0450869
0.800401 -0.032369
0.801404 -0.019887
0.802407 -0.00773966
0.80341 0.00402874
0.804413 0.0153362
0.805416 0.0261473
0.806419 0.0363985
0.807422 0.0460639
0.808425 0.0550991
0.809428 0.0634878
0.810431 0.0712043
0.811434 0.0782416
0.812437 0.084592
0.81344 0.0902566
0.814443 0.0952435
0.815446 0.0995611
0.816449 0.103231
0.817452 0.106266
0.818455 0.1087
0.819458 0.110548
0.820461 0.111851
0.821464 0.112627
0.822467 0.112919
0.82347 0.112747
0.824473 0.112153
0.825476 0.111158
0.826479 0.1098
0.827482 0.108099
0.828485 0.106088
0.829488 0.103783
0.830491 0.101214
0.831494 0.0983922
0.832497 0.0953411
0.833501 0.0920698
0.834504 0.088595
0.835507 0.0849235
0.83651 0.0810667
0.837513 0.0770292
0.838516 0.0728188
0.839519 0.0684387
0.840522 0.0638947
0.841525 0.0591895
0.842528 0.0543285
0.843531 0.0493148
0.844534 0.0441551
0.845537 0.0388534
0.84654 0.033419
0.847543 0.0278576
0.848546 0.0221817
0.849549 0.0163988
0.850552 0.0105253
0.851555 0.00457072
0.852558 -0.00144497
0.853561 -0.00751061
0.854564 -0.0136028
0.855567 -0.0197091
0.85657 -0.0258034
0.857573 -0.0318724
0.858576 -0.0378884
0.859579 -0.0438374
0.860582 -0.0496911
0.861585 -0.0554352
0.862588 -0.0610416
0.863591 -0.0664963
0.864594 -0.0717716
0.865597 -0.0768541
0.8666 -0.0817173
0.867603 -0.0863484
0.868606 -0.090722
0.869609 -0.0948262
0.870612 -0.0986369
0.871615 -0.102143
0.872618 -0.105322
0.873621 -0.108162
0.874624 -0.110644
0.875627 -0.112758
0.87663 -0.114483
0.877633 -0.115812
0.878636 -0.116727
0.879639 -0.11722
0.880642 -0.117279
0.881645 -0.116896
0.882648 -0.116061
0.883651 -0.114771
0.884654 -0.113021
0.885657 -0.110808
0.88666 -0.108135
0.887663 -0.105003
0.888666 -0.101421
0.889669 -0.0973933
0.890672 -0.0929368
0.891675 -0.0880615
0.892678 -0.0827915
0.893681 -0.0771415
0.894684 -0.0711439
0.895687 -0.0648175
0.89669 -0.0582027
0.897693 -0.0513222
0.898696 -0.0442235
0.899699 -0.036932
0.900702 -0.0295009
0.901705 -0.021958
0.902708 -0.0143599
0.903711 -0.00673559
0.904714 0.000856735
0.905717 0.00838805
0.90672 0.0158009
0.907723 0.0230674
0.908726 0.030133
0.909729 0.0369718
0.910732 0.0435344
0.911735 0.0497978
0.912738 0.055719
0.913741 0.0612789
0.914744 0.0664424
0.915747 0.0711946
0.91675 0.0755088
0.917753 0.0793746
0.918756 0.0827744
0.919759 0.0857023
0.920762 0.0881495
0.921765 0.0901144
0.922768 0.0915968
0.923771 0.0925992
0.924774 0.0931291
0.925777 0.0931928
0.92678 0.0928049
0.927783 0.0919746
0.928786 0.0907229
0.929789 0.0890617
0.930792 0.087017
0.931795 0.0846032
0.932798 0.0818504
0.933801 0.0787747
0.934804 0.0754096
0.935807 0.0717726
0.93681 0.0678993
0.937813 0.0638083
0.938816 0.0595368
0.939819 0.0551035
0.940822 0.0505463
0.941825 0.045884
0.942828 0.041154
0.943831 0.0363747
0.944835 0.0315824
0.945838 0.0267943
0.946841 0.0220446
0.947844 0.0173494
0.948847 0.0127397
0.94985 0.00822992
0.950853 0.00384729
0.951856 -0.000395838
0.952859 -0.00447652
0.953862 -0.00838473
0.954865 -0.0121023
0.955868 -0.0156216
0.956871 -0.0189294
0.957874 -0.0220206
0.958877 -0.0248869
0.95988 -0.0275254
0.960883 -0.0299325
0.961886 -0.0321076
0.962889 -0.0340511
0.963892 -0.0357643
0.964895 -0.0372511
0.965898 -0.0385142
0.966901 -0.0395604
0.967904 -0.0403936
0.968907 -0.0410224
0.96991 -0.0414515
0.970913 -0.0416909
0.971916 -0.0417456
0.972919 -0.0416263
0.973922 -0.0413382
0.974925 -0.040892
0.975928 -0.0402929
0.976931 -0.0395514
0.977934 -0.0386727
0.978937 -0.0376668
0.97994 -0.0365387
0.980943 -0.0352981
0.981946 -0.0339498
0.982949 -0.0325033
0.983952 -0.0309632
0.984955 -0.0293388
0.985958 -0.0276349
0.986961 -0.0258607
0.987964 -0.0240211
0.988967 -0.0221255
0.98997 -0.0201788
0.990973 -0.0181908
0.991976 -0.0161665
0.992979 -0.0141159
0.993982 -0.012044
0.994985 -0.00996117
0.995988 -0.00787234
0.996991 -0.00578765
0.997994 -0.00371209
0.998997 -0.00165544
1 0.000377563
